0 0.5881848317813543 0.3087528472664711 0.033394381458888844 0.04512321423014103
1 0.5392044307551739 0.5070417077233594 0.034775043502986235 0.031266647711999614
2 0.5927739539315627 0.4503629497843298 0.15049422853284752 0.3391332527759984
1 0.9715098808886111 0.5064217443596472 0.05698023822277776 0.031751483273211534
0 0.8978868134967882 0.29748382615467656 0.03019664627652787 0.03950301393309053
1 0.8546657765948613 0.4880125888323731 0.027707425911805573 0.028343419265858295
1 0.17644985761690996 0.4950960532923251 0.02614492591180557 0.028311096895110823
1 0.24053054141250022 0.4951597249805682 0.02703527868534721 0.03666059141381797
1 0.3744149055367537 0.48474919280008494 0.028506859707395905 0.02974846934012084
1 0.49423676966100716 0.47462956195632866 0.023038109707395903 0.02963534104250477
1 0.524896122909514 0.45871341735628857 0.023837543502986235 0.03104039111676747
2 0.8960713733844795 0.42741766259996944 0.12037031743868098 0.3051857943984632
2 0.8267398185307815 0.4142645941722111 0.10349128875333342 0.2687352983945039