2 0.7917004037338018 0.5063252471294495 0.31852275560267407 0.8212392013132173
0 0.7351818926674305 0.13959844107411618 0.08702852773541672 0.08422216844334038
1 0.7727666061467532 0.6995504893878246 0.0903353656913195 0.09814337860895676
2 0.48441686683187485 0.31994576035173256 0.10739753875333342 0.2677413491178571
0 0.4914221475592534 0.20252808700634825 0.030832425911805572 0.028092910225871195
1 0.4484335807377082 0.35364674820784153 0.03321254350298623 0.03089492896119468
1 0.017165396942117887 0.3594959732851295 0.023764808320625014 0.02524240957545645
1 0.08120971314652761 0.36022227600110407 0.027689242116215283 0.02667170006025464
1 0.21407676453329846 0.3546819550735174 0.025327308320625085 0.025258570213820202
1 0.3293293233288887 0.35210121910530084 0.024546058320624998 0.025250489894638406
1 0.3627415619781769 0.3357855833178486 0.023746624525034753 0.023853520686567563