2 0.6765848766155206 0.4175959192033632 0.19689840947864604 0.487054393109383
0 0.6800755121584722 0.2106191480112027 0.05937565321038214 0.06214672830092604
1 0.7008935657778991 0.49918418879148047 0.05370688145888884 0.04664266328913587
2 0.7942360634030727 0.3773302403792889 0.10610844889756947 0.35142469942530885
0 0.7899499133268227 0.22758885436101733 0.03957164627652787 0.040505226274691435
1 0.758897322236788 0.45236372838990635 0.028670513867708358 0.042830429584444434
1 0.16944485044716995 0.41706436406716024 0.02536367591180557 0.028812233704691277
1 0.23348916665157965 0.41580245964333296 0.026926175911805572 0.02887688720012357
1 0.36831843493614563 0.4053649845512031 0.02614492591180557 0.028844560452407426
1 0.48591474373173593 0.3991109201310487 0.026962543502986235 0.03165466497790135
1 0.520489765483229 0.3824107654537646 0.026926175911805572 0.02887688720012357