1 0.355859375 0.675 0.073828125 0.07291666666666667
1 0.115234375 0.3236111111111111 0.08984375 0.06180555555555556
0 0.385546875 0.15138888888888888 0.106640625 0.10208333333333333
0 0.578125 0.11944444444444445 0.025390625 0.034027777777777775
0 0.730078125 0.10138888888888889 0.029296875 0.03611111111111111
1 0.7265625 0.2722222222222222 0.02578125 0.022222222222222223
1 0.57265625 0.2652777777777778 0.023828125 0.022222222222222223
2 0.3890625 0.4666666666666667 0.267578125 0.7673611111111112
2 0.727734375 0.2222222222222222 0.094921875 0.2826388888888889
2 0.583203125 0.22430555555555556 0.076953125 0.2520833333333333
2 0.948046875 0.17152777777777778 0.047265625 0.11666666666666667
2 0.884765625 0.18819444444444444 0.05546875 0.19444444444444445