0 0.583984375 0.32083333333333336 0.032421875 0.04513888888888889
1 0.532421875 0.5180555555555556 0.033984375 0.029861111111111113
2 0.58671875 0.4625 0.14609375 0.33541666666666664
1 0.965234375 0.5263888888888889 0.058203125 0.029861111111111113
0 0.89375 0.3159722222222222 0.030078125 0.03888888888888889
1 0.848046875 0.5055555555555555 0.02734375 0.027083333333333334
1 0.169921875 0.4986111111111111 0.02578125 0.027083333333333334
1 0.233984375 0.5 0.0265625 0.03680555555555556
1 0.36796875 0.49236111111111114 0.027734375 0.029166666666666667
1 0.487890625 0.4847222222222222 0.02265625 0.029166666666666667
1 0.51875 0.46944444444444444 0.023046875 0.030555555555555555
2 0.890234375 0.44583333333333336 0.11640625 0.3034722222222222
2 0.82109375 0.43125 0.100390625 0.2659722222222222