1 0.35781968531420166 0.6461077583015093 0.07763534393982638 0.08432027272634078
1 0.1266654503224654 0.2725705934358413 0.09313305737069447 0.07508291341879117
0 0.4014186626612327 0.12579407540168988 0.11166550503399311 0.11869606132622038
0 0.594668934887691 0.11146056349928174 0.02705346248093754 0.03832426695494359
0 0.7470217767854862 0.10742759452566726 0.030996080072118203 0.04122326046138956
1 0.7387024167452954 0.27789376588196024 0.02688980832062491 0.02582426695494359
1 0.5852410165268751 0.25695097800130834 0.02532730832062491 0.02577578066347633
2 0.3965529173624308 0.44065620491095997 0.3073306824644101 0.8078235064898925
2 0.7411818920018405 0.22849123774347013 0.10930553086954867 0.29632838022959634
2 0.5968321533525522 0.21699187590910365 0.09013730357097227 0.2638021002875446
2 0.9627477674768056 0.19799507324400653 0.05316267401194423 0.12382226984064215
2 0.8991940871481425 0.2089986673990756 0.06591790036059031 0.20335258369331338