2 0.682421875 0.44583333333333336 0.191015625 0.4791666666666667
0 0.683203125 0.2388888888888889 0.05859375 0.059722222222222225
1 0.7078125 0.5284722222222222 0.053515625 0.04513888888888889
2 0.799609375 0.41041666666666665 0.1015625 0.3472222222222222
0 0.793359375 0.2604166666666667 0.039453125 0.03958333333333333
1 0.765234375 0.4840277777777778 0.027734375 0.04097222222222222
1 0.175 0.42430555555555555 0.024609375 0.027777777777777776
1 0.2390625 0.42569444444444443 0.026171875 0.027777777777777776
1 0.373828125 0.42083333333333334 0.02578125 0.02847222222222222
1 0.49140625 0.41944444444444445 0.0265625 0.029861111111111113
1 0.52578125 0.4041666666666667 0.0265625 0.027083333333333334