2 0.6857669667011348 0.47964246639271707 0.19848514270368015 0.49280390915123495
0 0.6871468323519991 0.27281116556527885 0.05977498933799978 0.06356794393753092
1 0.7109217817074981 0.563994092279106 0.054215332670272606 0.049452767814629636
2 0.8031360063653622 0.45256319747953816 0.10697834802672616 0.3543317841939509
0 0.7974667143539081 0.3023692369932419 0.04010737933640911 0.04192644191129631
1 0.7684570163709301 0.5240251604989825 0.028397720003181703 0.042830429584444434
1 0.17849026869827128 0.42116240712500025 0.025190904002227166 0.030201122593580324
1 0.24257549536520306 0.4272854226599386 0.026753404002227123 0.03026577608901246
1 0.37733657503181667 0.4321673421965129 0.025972154002227122 0.030233449341296313
1 0.4949328813653621 0.43981029550555634 0.02676249466899989 0.03165466497790135
1 0.5292124293642486 0.42664933907172914 0.02674431333545435 0.02887688720012357