0 0.5858305856343847 0.2986956120946653 0.03407103693163087 0.05034885029757798
1 0.5269174614468113 0.4933123941244037 0.03548353246740419 0.03515189759824058
2 0.5832677601479174 0.4404228975701621 0.15889157913826768 0.35665320641592313
1 0.9580807995151803 0.5195955773163758 0.059715919236879245 0.0377935752029545
0 0.894973760553307 0.3063033576745926 0.031659103084255236 0.04328316823547311
1 0.8419813768283717 0.49436704566017986 0.02841137215897831 0.0306215180785925
1 0.16571690868686773 0.45924562200556046 0.026848872158978576 0.03054069300015227
1 0.22971122483949186 0.46287623823395174 0.027725579545304767 0.04030332776159453
1 0.3636478711463288 0.46080659886880526 0.029219895697928953 0.03343970839559031
1 0.4835356542226409 0.4580754963207327 0.02373750892845372 0.03176793173216039
1 0.5149015667631798 0.4446534391963708 0.024546032467404187 0.03458612204915836
2 0.8866742909921161 0.4358337371942407 0.12808190990138826 0.3203548951641147
2 0.8181288425342436 0.4185567073122816 0.11051258035608384 0.2805769304123822