1 0.3567027247175204 0.6513928590022834 0.0755090773392725 0.0808811455585186
1 0.12071358402290804 0.2950863343471603 0.09106135200509069 0.0704165694017285
0 0.3935235543443631 0.12820025371712904 0.10930282200827239 0.11282675126586439
0 0.5863604896761586 0.10007665814237568 0.0260176073360908 0.03717789378574076
0 0.7386496956755224 0.08543960900441248 0.029932948002863568 0.03872841641320992
1 0.7327320523551808 0.25586943862274586 0.026717041335136214 0.024710220533456825
1 0.5791118846872945 0.24624942232672756 0.024373291335136216 0.024613240290308626
2 0.39285276070177116 0.4435911751119129 0.2879396360598154 0.7950356160065436
2 0.7347530836847491 0.20646690282404212 0.1026721086887262 0.29305903934425936
2 0.5901763803508855 0.205502906707067 0.08371302335295354 0.26033875295462977
2 0.9556013856818858 0.15981843322039982 0.050000547342454384 0.12148102955055562
2 0.8920158720162267 0.17564750760370237 0.060665874681726704 0.19967905504864203