2 0.7984375 0.5145833333333333 0.307421875 0.8180555555555555
0 0.737109375 0.14722222222222223 0.085546875 0.08333333333333333
1 0.78203125 0.7076388888888889 0.088671875 0.09791666666666667
2 0.488671875 0.325 0.10390625 0.2673611111111111
0 0.494140625 0.2076388888888889 0.03046875 0.02847222222222222
1 0.453125 0.35833333333333334 0.0328125 0.029861111111111113
1 0.021875 0.3597222222222222 0.0234375 0.025694444444444443
1 0.0859375 0.3611111111111111 0.02734375 0.02638888888888889
1 0.21875 0.35694444444444445 0.025390625 0.025694444444444443
1 0.333984375 0.35555555555555557 0.02421875 0.025
1 0.3671875 0.33958333333333335 0.0234375 0.02361111111111111