2 0.795128497294729 0.48077906061578013 0.3210430373965426 0.8375720086541665
0 0.7326801379893414 0.11681901948944957 0.08728237133990877 0.08880210028754468
1 0.7794117696133206 0.6742831143674078 0.09049827800763595 0.10278796175936818
2 0.4849776136417966 0.3105788430795227 0.1080226800206809 0.2741304011531077
0 0.490047195317478 0.19238995022243216 0.0306596540022273 0.03011214935027845
1 0.4492080173058649 0.3457096839881809 0.033012494668999894 0.03157376767636827
1 0.018253190304751317 0.3736631121936142 0.023610222668681725 0.02711618326089788
1 0.08231569030475132 0.37167517424345614 0.027525563335454438 0.02862628787845504
1 0.21518273430538767 0.35922050613540474 0.025953972668681758 0.02718891269809881
1 0.33006284697247856 0.35010120815700474 0.024391472668681757 0.02714042640663163
1 0.3633750599737512 0.3324042077966586 0.023601132001908987 0.02572729437200899