2 0.10968939870951751 0.45864392122533965 0.21880610479701906 0.7422878424506792
1 0.031192214868100292 0.5803789197060186 0.04550794272021178 0.06159717358975314
0 0.08405963090283039 0.1458200731167285 0.058825554156530256 0.07325783941203715
2 0.2806695192210223 0.43100125675293255 0.20354419827935671 0.6138958564662965
0 0.2657479802879984 0.16791937529404363 0.04941873789975162 0.06314769621722228
1 0.2103345537637468 0.5405756860846299 0.043136921642972934 0.053166860013271526
0 0.4177147408266178 0.1783735943914821 0.036909647540672094 0.059852690475987756
1 0.391827460428703 0.5029527660397227 0.03844033128389333 0.050195121749197505
2 0.4364107195529872 0.4013393318111734 0.1409032977136226 0.568254161093457
1 0.5545930929913583 0.4714984484940749 0.033716469847574794 0.03889005015179015
2 0.5980522015008105 0.3844198574772848 0.1461084273003138 0.48792489277191387