2 0.20484530971256074 0.37440390840133053 0.20418401246990533 0.6395039191571068
1 0.5023166974468287 0.4365183681065874 0.040616639812585474 0.04763431850049831
1 0.14389461210112978 0.4939327331919872 0.050082568025830956 0.053286837886236386
0 0.21898685497499376 0.1071438012799929 0.053434888558944314 0.06720804805185278
0 0.32575668636191335 0.12422302723013302 0.045781512932123736 0.07684946708225616
0 0.5454781529758186 0.16261278835053497 0.04128422954602886 0.04069795437523567
0 0.705016457442705 0.17815410251211883 0.041852530878812286 0.0754201765974579
2 0.5335427911390515 0.36669057150620094 0.10940505839241262 0.4802171081603114
2 0.32408822895246175 0.3693861570765676 0.14895930337784752 0.5583908215780015
2 0.6942374244855751 0.3593232993203 0.13291911473976087 0.43741204249939425
1 0.6490965891398762 0.41997787239763473 0.03271321159934022 0.041997959753123836
2 0.04791583702830513 0.46995754471249396 0.09583167405661026 0.526026200536099