2 0.105859375 0.4388888888888889 0.204296875 0.6479166666666667
1 0.03125 0.5222222222222223 0.051953125 0.06041666666666667
0 0.29140625 0.1423611111111111 0.053515625 0.08333333333333333
2 0.295703125 0.40555555555555556 0.141796875 0.6118055555555556
2 0.55234375 0.3736111111111111 0.104296875 0.4875
1 0.51640625 0.4708333333333333 0.03125 0.04513888888888889
0 0.550390625 0.15208333333333332 0.03515625 0.05555555555555555
2 0.406640625 0.3888888888888889 0.111328125 0.5361111111111111
1 0.25625 0.4861111111111111 0.044140625 0.05277777777777778
1 0.375390625 0.5041666666666667 0.018359375 0.05347222222222222
2 0.091796875 0.14652777777777778 0.04921875 0.06388888888888888