2 0.32578125 0.5548611111111111 0.10078125 0.24166666666666667
2 0.509765625 0.5673611111111111 0.120703125 0.25416666666666665
0 0.51484375 0.4618055555555556 0.01640625 0.03333333333333333
1 0.35859375 0.5986111111111111 0.01484375 0.01875
0 0.325 0.4527777777777778 0.02109375 0.029166666666666667
1 0.559765625 0.6125 0.017578125 0.021527777777777778
0 0.5359375 0.46319444444444446 0.0171875 0.019444444444444445
2 0.1015625 0.42777777777777776 0.0296875 0.10694444444444444
0 0.098828125 0.38125 0.00859375 0.011805555555555555
1 0.105078125 0.44305555555555554 0.00859375 0.009027777777777777
2 0.289453125 0.5083333333333333 0.049609375 0.17291666666666666
0 0.298046875 0.43680555555555556 0.014453125 0.02361111111111111