2 0.6188538474005647 0.5341248684951464 0.07160403896022594 0.21183025951829867
2 0.2653100616867496 0.40825842232189524 0.034630144480112965 0.10590300928037648
2 0.3506776816136148 0.43066695489049817 0.03153241801906326 0.10864846578142676
2 0.2275032343735583 0.37662056700116486 0.027380706168510204 0.08360806418551729
1 0.6309953372542949 0.5773016288384302 0.01345852800317715 0.018192920981647535
1 0.30886035145940205 0.4281513244809342 0.007907957386326192 0.009803025414041145
0 0.26645664021775695 0.36591347184914785 0.006359094155801337 0.011175753664566123
0 0.6133140493083665 0.4472708310244995 0.014198867694751626 0.014034334634162822
0 0.3537637483751469 0.3869533163268167 0.009511367694751716 0.013985852719071407
0 0.30356601521775695 0.3662972870102873 0.008716480925276571 0.01258888351100072
0 0.22525691882984217 0.3467392550920991 0.006345457386326192 0.009786864775677234
1 0.2292430123767355 0.39469228319508415 0.006318183847375813 0.007009086997899456
1 0.26430864630518924 0.4256074129542335 0.007907957386326192 0.009803025414041145
2 0.3043930168409624 0.4107457716143227 0.027585257710637735 0.10444139751885062