2 0.602734375 0.5458932474704004 0.07109375 0.19599728959771612
2 0.287890625 0.4082264823555243 0.03828125 0.10158401063808639
2 0.486328125 0.4486265995467586 0.04140625 0.135046650962284
2 0.344140625 0.4996489565199686 0.04765625 0.17836082049956808
1 0.62109375 0.5715224577879621 0.015625 0.018702090509876573
2 0.39765625 0.42382346319030806 0.02890625 0.1039738674432717
1 0.4953125 0.47533817528135724 0.009375 0.012887920972592642
0 0.48984375 0.3977866847375919 0.009375 0.012887920972592642
0 0.401171875 0.3847891039366969 0.0078125 0.01143437858827162
0 0.4078125 0.3872921043588882 0.00703125 0.012790940729444363
1 0.29765625 0.4251835091201847 0.00703125 0.008624274062777696