2 0.37529585206830995 0.39203663621542956 0.025886390015886107 0.09053634799159799
2 0.3466643145277711 0.37993614900973527 0.021802862012708868 0.07244039084013297
2 0.2965484019872321 0.3676134530265393 0.020063084009531627 0.05436867464621382
0 0.37335152252300524 0.3531315866881769 0.006331820616851047 0.008397975886788424
0 0.29908504382984213 0.3475028452547869 0.005550570616851047 0.008389895567606546
1 0.3491307954530476 0.39246038996728094 0.005536933847375814 0.007001006678717658
1 0.3770288116867496 0.40941390796490446 0.006318183847375813 0.007009086997899456
2 0.3973432887567073 0.37004470308989096 0.0209670649348082 0.06687675496539561
1 0.4037228380667214 0.3833037900877905 0.005523297077900757 0.00561211778982877
2 0.728140208398976 0.5262283354028322 0.10078302434972919 0.23990700910580612
0 0.7294952926120262 0.4255581319159334 0.019749438311602675 0.022424230201769212
0 0.7505890426120262 0.4257763005338442 0.017473872158978488 0.029344433688668105
2 0.4518651704530476 0.39352295193969844 0.029765366476935638 0.08779897180972966
2 0.2891265269872321 0.3675366899943113 0.012264220779006773 0.05567676034328378