2 0.3259822796614459 0.5388888888888889 0.10863517749670545 0.2513888888888889
2 0.5096714784317818 0.5680555555555555 0.12899312929210344 0.2652777777777778
0 0.5175314423765263 0.46319444444444446 0.017301129488495093 0.034722222222222224
1 0.35777516817602945 0.5854166666666667 0.015688632513557364 0.019444444444444445
0 0.3279919589652699 0.43680555555555556 0.021974993949875808 0.030555555555555555
1 0.558272604895215 0.6180555555555556 0.01804601805217665 0.02361111111111111
0 0.5386365553253758 0.4666666666666667 0.018036927693097126 0.020833333333333332
2 0.1055763430404562 0.3909722222222222 0.0331715691836449 0.10972222222222222
0 0.10385930693610268 0.34375 0.008634656615858294 0.0125
1 0.1087513400153941 0.40625 0.008625566256778683 0.009722222222222222
2 0.2910530281980127 0.4888888888888889 0.05526928298109555 0.17777777777777778
0 0.3013680990414825 0.41805555555555557 0.014925563231716588 0.025