2 0.7872535185431561 0.5201277625845667 0.09611245159900647 0.24838830766580253
2 0.6369901585702707 0.48746177263101753 0.05528291851971492 0.184207316784568
2 0.40823389949508443 0.4511001763784871 0.058921002926866174 0.10242450607870365
1 0.8183444372592629 0.5674458037870358 0.01961306323171641 0.02580816869290127
2 0.32607083928842995 0.49477226266645014 0.036323840260883776 0.11954258595049383
0 0.7825162820086418 0.4161712197780544 0.01882726805217665 0.024386953056296394
2 0.48275237090428824 0.47579074974938196 0.04494940651766246 0.1296204023975927
1 0.6513751058771736 0.507697061131604 0.013335792154477666 0.017216221377839562
0 0.48370406513703107 0.4236750896683326 0.010219882513557366 0.019864692164753076
0 0.4766796329063408 0.42188269706444376 0.007857951795398143 0.014212156366049397
0 0.63373133621427 0.4091350207735175 0.012559087334017605 0.018572783519012308
2 0.30048503200864174 0.4361168231188576 0.014239762002052547 0.05474854812555555