2 0.759375 0.6041666666666666 0.09296875 0.22291666666666668
2 0.676953125 0.5625 0.066015625 0.1986111111111111
0 0.67734375 0.475 0.01640625 0.020833333333333332
2 0.558984375 0.5034722222222222 0.04375 0.15069444444444444
2 0.33203125 0.5069444444444444 0.03125 0.14027777777777778
1 0.689453125 0.6041666666666666 0.015234375 0.019444444444444445
1 0.5671875 0.5277777777777778 0.0109375 0.0125
1 0.79296875 0.6402777777777777 0.019921875 0.021527777777777778
2 0.45 0.4722222222222222 0.034375 0.1111111111111111
2 0.339453125 0.44930555555555557 0.05390625 0.08888888888888889
2 0.28828125 0.4125 0.013671875 0.05
0 0.453515625 0.4284722222222222 0.009765625 0.016666666666666666
0 0.446875 0.42569444444444443 0.00625 0.010416666666666666
0 0.559375 0.4388888888888889 0.009375 0.013194444444444444