2 0.1072578942344965 0.41569841738043306 0.214515788468993 0.6619523903164217
1 0.025887739932013782 0.49337876832283084 0.051775479864027564 0.06443835059325696
0 0.29673731511230894 0.1329477930385902 0.0565961453265972 0.08668481377302477
2 0.2925102358479512 0.39613415716385275 0.16203440662885446 0.6224251562121642
2 0.5497505994972395 0.3828203599524699 0.12051774743454899 0.4942352821561103
1 0.5106234763971005 0.476872908916593 0.03264949905006951 0.04755351530867939
0 0.5549946648938888 0.16131682313223772 0.036701219414791805 0.05870502801569993
2 0.40396564741708313 0.3875633804250488 0.12898486407579882 0.5443160853479292
1 0.2504763182948956 0.47348771818458174 0.046039851823611144 0.056024214068104865
1 0.3688899180764754 0.5004103711446722 0.02024041802802081 0.05436867464621366
2 0.09723704288585064 0.1225499381542859 0.05165407218833336 0.06719188741348903