2 0.6140625 0.5243055555555556 0.0671875 0.20972222222222223
2 0.260546875 0.4131944444444444 0.032421875 0.10416666666666667
2 0.345703125 0.43194444444444446 0.029296875 0.1076388888888889
2 0.22265625 0.38263888888888886 0.025390625 0.08263888888888889
1 0.626171875 0.5666666666666667 0.01328125 0.018055555555555554
1 0.30390625 0.43125 0.0078125 0.009027777777777777
0 0.26171875 0.37083333333333335 0.00625 0.011111111111111112
0 0.608203125 0.4375 0.013671875 0.013888888888888888
0 0.348828125 0.38819444444444445 0.008984375 0.013888888888888888
0 0.298828125 0.36944444444444446 0.00859375 0.0125
0 0.2203125 0.3527777777777778 0.00625 0.009027777777777777
1 0.22421875 0.40069444444444446 0.005859375 0.006944444444444444
1 0.259375 0.4305555555555556 0.007421875 0.009027777777777777
2 0.299609375 0.41388888888888886 0.025390625 0.10347222222222222