2 0.42750387304558757 0.5440069663941365 0.10545109016268786 0.23766511752728406
2 0.2528694995581186 0.5291430493907102 0.08119597872636941 0.22555187723697542
2 0.5325729076865079 0.5455771361841675 0.07490052693097127 0.21140437436635817
2 0.12203940778470379 0.41332781585546313 0.0300011173882468 0.09706174974654323
2 0.3000396757877826 0.5019321509608646 0.04901019262201593 0.17700425835839517
0 0.42680417583688063 0.4495463585758339 0.020407948770336047 0.030007162107283925
0 0.5338672420936592 0.46369734523515516 0.01962215359079611 0.028585946470678893
1 0.2732842660977643 0.5612335448313276 0.017251132513557366 0.020155632894197438
0 0.2521743475289514 0.4360713304612967 0.0157159035907962 0.028424312732098795
1 0.3024652390194992 0.5270291312040127 0.014121587334017516 0.018637437014444598
1 0.46395244530339247 0.5823157157184884 0.014907382513557365 0.020058652651049315
1 0.1252166773494116 0.4294293450685496 0.007844316256778682 0.01004548969938273
0 0.11682947257804935 0.37283991421753104 0.007063066256778683 0.010013162951666585
0 0.44282889119596014 0.4529868346817908 0.018822722872636886 0.022998064167407507