2 0.8787256736464834 0.5781838205900104 0.10636415036934252 0.2790668039058329
2 0.550312315186129 0.5299403478479326 0.0662022378015557 0.17978354218338238
0 0.5525267880096679 0.45018026808487194 0.012554542154477844 0.017313267294189277
1 0.9164844884398289 0.6204216065199659 0.020403403590796287 0.02882850379750184
2 0.34282934070276516 0.41849616797092537 0.0228880541565303 0.07200529697071797
2 0.3651290545493137 0.4092312586720333 0.01894998789975162 0.06208101205239511
0 0.8833929807789778 0.4652116451112767 0.02119828912941557 0.0330355830033887
0 0.5654060500608185 0.45431929720422676 0.012568177693097126 0.021479933960855787
2 0.4763912744459865 0.4351289343997951 0.02845225292686617 0.10145485141192584
0 0.34215035724241083 0.38720575543170527 0.006277271077238833 0.008656633647094559
1 0.34552735426644665 0.42974872296930705 0.005486930718159222 0.0058384433300965885
2 0.3060560485482874 0.4332634452942445 0.020580665592848747 0.08299517046416867
2 0.3264389988311545 0.4127863935361909 0.02130282825883114 0.06498002744783314