2 0.33590858597231943 0.3485025182389501 0.17578398671227066 0.6043341067197533
1 0.27858161563097894 0.4557073185594749 0.043332376670908876 0.05733352667993835
2 0.11492365030236507 0.4006903800242899 0.20921465205281575 0.700136274568272
1 0.04267565929345638 0.5203149441069752 0.04729317067154524 0.06582849375185194
0 0.13257586899268214 0.09032162284774671 0.05356135200509069 0.0688648855113581
0 0.3274113826583413 0.09545054373703654 0.05128123667249973 0.07849012749043219
0 0.754664225990614 0.09165670162524578 0.026117604670590745 0.05245567156351853
2 0.516963410307933 0.3111577650315733 0.13686639003818007 0.5055278738594446
1 0.46332478763527424 0.39182820609848695 0.016678970003181703 0.04234552836870383
0 0.49688808865770495 0.09676897281598693 0.026144876670908878 0.056622338230185205
2 0.7367128363104782 0.26874061559002976 0.08081583736472595 0.4143437858827162