2 0.425390625 0.5243055555555556 0.102734375 0.2298611111111111
2 0.251171875 0.5111111111111111 0.078125 0.21944444444444444
2 0.53046875 0.5243055555555556 0.072265625 0.20555555555555555
2 0.121484375 0.39652777777777776 0.02890625 0.09444444444444444
2 0.2984375 0.48333333333333334 0.046484375 0.1736111111111111
0 0.426171875 0.42986111111111114 0.0203125 0.029166666666666667
0 0.5328125 0.4423611111111111 0.019140625 0.027083333333333334
1 0.27109375 0.5430555555555555 0.016796875 0.019444444444444445
0 0.2515625 0.41805555555555557 0.015625 0.027777777777777776
1 0.30078125 0.5083333333333333 0.0140625 0.018055555555555554
1 0.461328125 0.5618055555555556 0.01484375 0.019444444444444445
1 0.124609375 0.4125 0.0078125 0.009722222222222222
0 0.116796875 0.35625 0.006640625 0.009027777777777777
0 0.4421875 0.4326388888888889 0.018359375 0.021527777777777778