2 0.8587822822622379 0.5983322883867973 0.12675518912238176 0.2609029618077563
2 0.6752606702495291 0.5298917835420276 0.05258130357072251 0.18438381038262577
2 0.4414867780015296 0.43679115011673214 0.049351163554836396 0.09405754904872671
1 0.681043065947458 0.5617230996888559 0.012636367694751627 0.014147467854868662
1 0.898499347197046 0.6641908957847775 0.022134098620028197 0.026841402079353177
2 0.49696718770104714 0.47662400877010647 0.040589818181219074 0.15636361482424202
0 0.49851120961679196 0.4349169391400055 0.010319891233702094 0.016876762076525154
0 0.49182285592362884 0.430193198104571 0.008702844155801515 0.011288884150222127
0 0.6744765560047068 0.45003067243091655 0.012663641233702094 0.01692524563264628
0 0.8628444679363376 0.4947550184596459 0.019790348620028198 0.026792918523232047
2 0.32443564569628125 0.4531042168116803 0.025296054788538403 0.11022321896880795