2 0.753443005278301 0.596312596421877 0.09515063311602709 0.22318378020486623
2 0.6714302333625561 0.5554984034288989 0.06757505803494937 0.19928985792238937
0 0.6726799748394919 0.46799436326930793 0.01661080154212762 0.021003020036152818
2 0.5540410460652508 0.4976907538475853 0.045222771103318314 0.1504524978741854
2 0.32705382914156295 0.5035103087921443 0.032627313716992214 0.14060099054505315
1 0.6835211302783011 0.5970357849886554 0.015815914772652383 0.019606050828081974
1 0.5620055275994355 0.5219114660517311 0.011060230925276571 0.012613124468546427
1 0.7866821992719466 0.6320762538081671 0.020530688311602673 0.022432310520951168
2 0.4453634983784422 0.46756795837345794 0.035465941558013546 0.111466645155114
2 0.3350416300747825 0.4457946568710276 0.05477900324641087 0.08944643091243891
2 0.2842311294658745 0.40951836222188537 0.014553423701106105 0.05014544574527394
0 0.44930868161691 0.4237815969371395 0.009538641233702095 0.016763630496849185
0 0.4426953301558604 0.42107250187240763 0.006359094155801337 0.011175753664566123
0 0.5550657808458462 0.4331033803546611 0.009511367694751627 0.013985852719071407