2 0.11387359804671351 0.4169485518276377 0.2140734895086517 0.7187594693347742
1 0.03649758155152179 0.5351298153357098 0.044659282132453626 0.05600805342974095
0 0.09662677899835055 0.10318490788606795 0.058099656505633 0.06586764107805519
2 0.2881760903270104 0.3963926004904869 0.1948173726573197 0.592192813423884
0 0.2779976251978557 0.13256431399546215 0.048588264185764986 0.0574373439145393
1 0.2164662263786723 0.5027077060491395 0.042179139812585566 0.04765047913886191
0 0.42985564189090314 0.14905228762973255 0.03606553213245363 0.05591916991874027
1 0.3984220942857898 0.4723487292979477 0.03746890775927429 0.046213108334881764
2 0.4448549935006846 0.3732406785571508 0.13248485721791353 0.5540544682085152
1 0.5621208814328084 0.44842964004753016 0.032599551332783604 0.035053515308679395
2 0.6068166101541609 0.36253623454913236 0.13819764812585583 0.4735716355255966