2 0.675 0.4236111111111111 0.077734375 0.21736111111111112
2 0.290234375 0.2902777777777778 0.02421875 0.07847222222222222
0 0.6796875 0.33611111111111114 0.015625 0.02847222222222222
2 0.504296875 0.36041666666666666 0.0484375 0.14166666666666666
2 0.260546875 0.2763888888888889 0.02421875 0.075
1 0.6953125 0.4673611111111111 0.01484375 0.019444444444444445
1 0.512109375 0.38680555555555557 0.009375 0.010416666666666666
0 0.2921875 0.25972222222222224 0.005859375 0.009722222222222222
0 0.5015625 0.2965277777777778 0.01015625 0.013888888888888888
2 0.390625 0.30486111111111114 0.023046875 0.08402777777777778
2 0.359375 0.2833333333333333 0.030078125 0.07013888888888889