2 0.3136569456152034 0.43291130471508565 0.03624719155801355 0.1114747254742958
2 0.39119161038785577 0.45155579756052383 0.04109833279171564 0.12818987405605387
2 0.2746967213862671 0.44373198734084646 0.03871367248329012 0.1239989664318415
0 0.26794897930042344 0.39310218544985703 0.00952500446422686 0.015374741607960294
2 0.24510665584255104 0.41417388819905593 0.029860823863261922 0.09752119403195189
1 0.31698649715733096 0.4537123167716915 0.007907957386326192 0.009803025414041145
1 0.2756688861589195 0.4631683514661091 0.008702844155801337 0.01119999462211183
1 0.24996461546099064 0.43148651739507576 0.009443183847375813 0.007041408274626962
0 0.24160664468198384 0.376011765031339 0.007126707386326192 0.009794945094859031
0 0.27498022930042343 0.3930294625772201 0.006359094155801337 0.011175753664566123
0 0.3910981300714872 0.4022462018453773 0.011882391233702095 0.016787871454394893
2 0.672053849632678 0.5285201142449301 0.08829666111920442 0.241166612887785
0 0.6721961485373027 0.4236468826550461 0.018173301542127616 0.02101918067451657
1 0.7064541461016708 0.5705297314716292 0.015061938311602675 0.022375748286677953
0 0.3096776704530476 0.38572544392918184 0.009538641233702006 0.016763630496849185