2 0.6785902660327713 0.40819634560707196 0.08112382535008997 0.22191724530927515
2 0.29404654135502173 0.2749608412733981 0.025518168006045183 0.079942447330143
0 0.6834863040260897 0.3205266435869365 0.01581590400222712 0.029651529581339434
2 0.5082184030275215 0.3447192298041377 0.050936338677590245 0.1446071168825082
2 0.2646496690205218 0.2605921814606316 0.025499986672499732 0.07716466955236521
1 0.6988030423694983 0.45202258983530863 0.014971019334818082 0.019905064213383464
1 0.5158175460295895 0.37157225325300147 0.009447725334181811 0.011402028859914676
0 0.2961902966860218 0.2443325562806416 0.006313634667409041 0.009916167388091266
0 0.5054564823559762 0.28090307035244966 0.010247156667727353 0.014204049783426202
2 0.39455079968968076 0.289206708157737 0.024773280673136 0.08547375973996496
2 0.3631553490213172 0.26795421176486023 0.030932374005408825 0.07177881601694512