2 0.7265625 0.5840277777777778 0.080078125 0.21597222222222223
2 0.89375 0.6381944444444444 0.157421875 0.26944444444444443
2 0.334375 0.49236111111111114 0.03359375 0.13680555555555557
0 0.7328125 0.49166666666666664 0.020703125 0.025694444444444443
0 0.894140625 0.5291666666666667 0.029296875 0.03263888888888889
1 0.748828125 0.6298611111111111 0.019921875 0.022222222222222223
1 0.931640625 0.6791666666666667 0.023046875 0.022916666666666665
2 0.377734375 0.45555555555555555 0.059765625 0.09583333333333334
2 0.473828125 0.4861111111111111 0.031640625 0.12569444444444444
2 0.603125 0.5194444444444445 0.042578125 0.16180555555555556
0 0.602734375 0.4527777777777778 0.0109375 0.014583333333333334
1 0.612109375 0.5472222222222223 0.0109375 0.0125
0 0.476953125 0.44027777777777777 0.009375 0.013888888888888888