2 0.8729500771286108 0.553546924002835 0.10667084014010442 0.2718999354653418
2 0.5453705909963192 0.5084865232797777 0.06635365824437507 0.17566258617291433
0 0.5491414423449651 0.42934813773024766 0.01270002175149294 0.01540706288468796
1 0.9099136551586977 0.5949070015457876 0.019894925911805573 0.027979785757324925
2 0.3401210263589755 0.40009927885616986 0.022802373575104264 0.07105958227042602
2 0.3625139379281075 0.3906073457306312 0.019550087005972293 0.061305038771476306
0 0.8799008064692184 0.44040904179266377 0.021511977298576568 0.03216261306235519
0 0.5619866078559894 0.43295368521897093 0.012772756933854268 0.020962618440243354
2 0.4731514053008679 0.4146714177211252 0.02865298328249999 0.10028281117136591
0 0.33975800365755193 0.36814675409254344 0.006340918977951393 0.007009086997899456
1 0.3423283978920484 0.41054018648038215 0.00554148518236115 0.00561211778982877
2 0.3028116296074824 0.41499324147280814 0.020604093939826384 0.08214645242399159
2 0.3237875115413366 0.39437403659779474 0.02114895459715278 0.06409897718761784