2 0.785546875 0.5972222222222222 0.084375 0.2326388888888889
2 0.6375 0.5354166666666667 0.046484375 0.175
2 0.41171875 0.45416666666666666 0.05390625 0.09236111111111112
1 0.8140625 0.6506944444444445 0.01875 0.022222222222222223
2 0.328125 0.48194444444444445 0.030859375 0.11319444444444444
0 0.785546875 0.4930555555555556 0.01796875 0.020833333333333332
2 0.484765625 0.49375 0.0390625 0.12222222222222222
1 0.65078125 0.5583333333333333 0.012890625 0.015277777777777777
0 0.487890625 0.44166666666666665 0.009375 0.018055555555555554
0 0.48125 0.43819444444444444 0.007421875 0.0125
0 0.637890625 0.45694444444444443 0.01171875 0.01597222222222222
2 0.305078125 0.41805555555555557 0.01171875 0.05277777777777778