2 0.776953125 0.5791666666666667 0.152734375 0.2604166666666667
2 0.434765625 0.48055555555555557 0.046484375 0.14166666666666666
2 0.283203125 0.4576388888888889 0.04140625 0.14583333333333334
2 0.318359375 0.4423611111111111 0.034765625 0.12361111111111112
2 0.238671875 0.42569444444444443 0.029296875 0.1125
1 0.32109375 0.46597222222222223 0.01015625 0.011805555555555555
0 0.278125 0.3972222222222222 0.0125 0.016666666666666666
0 0.7875 0.4701388888888889 0.021875 0.030555555555555555
0 0.433984375 0.4173611111111111 0.0125 0.014583333333333334
1 0.834375 0.6361111111111111 0.01953125 0.021527777777777778
1 0.281640625 0.4840277777777778 0.009765625 0.011805555555555555
1 0.2375 0.44305555555555554 0.007421875 0.009722222222222222
0 0.23515625 0.375 0.00859375 0.013194444444444444
0 0.315234375 0.3888888888888889 0.0109375 0.0125