2 0.373828125 0.38055555555555554 0.023046875 0.08958333333333333
2 0.3453125 0.36666666666666664 0.019921875 0.07083333333333333
2 0.295703125 0.35208333333333336 0.01875 0.05277777777777778
0 0.373046875 0.3416666666666667 0.005859375 0.007638888888888889
0 0.298828125 0.33194444444444443 0.005078125 0.007638888888888889
1 0.34765625 0.37916666666666665 0.005078125 0.00625
1 0.375 0.39791666666666664 0.00625 0.006944444444444444
2 0.396484375 0.3597222222222222 0.019140625 0.06527777777777778
1 0.40234375 0.3729166666666667 0.00546875 0.005555555555555556
2 0.72265625 0.5326388888888889 0.09375 0.23333333333333334
0 0.726953125 0.43194444444444446 0.019140625 0.021527777777777778
0 0.748046875 0.43333333333333335 0.01640625 0.027777777777777776
2 0.450390625 0.3854166666666667 0.026953125 0.08541666666666667
2 0.28828125 0.35138888888888886 0.0109375 0.05486111111111111