2 0.2955615105500115 0.5117962279906902 0.054747775567545176 0.16692631168766497
2 0.46271491862632363 0.513512038955466 0.05473413879807012 0.16553742279877606
2 0.2335836619299833 0.48349213058884405 0.04270174310014117 0.13322933116832714
0 0.2874509786915154 0.4414270292173318 0.016624438311602673 0.02273132828262858
2 0.32568252292839467 0.4773250440076353 0.038096063716992215 0.1414172056272586
1 0.296190779015827 0.5361139051191126 0.012650004464226861 0.015665668109515866
1 0.23180099654842296 0.5007926338356211 0.011855117694751716 0.014252536074893385
0 0.46399984192204025 0.4455170912642445 0.011923301542127618 0.02119698051933783
0 0.32245722422728856 0.4272401929975676 0.011101141233702094 0.017006070706937573
0 0.22676773599676378 0.42565929653408613 0.01184148092527657 0.012863647186004495
2 0.9031177761748056 0.5841053744479473 0.17033759374876425 0.3260213665203314
0 0.9053992735373028 0.45852002415930415 0.03233125892845372 0.031549524530634525
1 0.9739211998759117 0.6362872575639744 0.019790348620028198 0.02699496753222977