2 0.1078125 0.40555555555555556 0.195703125 0.7104166666666667
1 0.02734375 0.5208333333333334 0.043359375 0.05486111111111111
0 0.098828125 0.09166666666666666 0.05625 0.06388888888888888
2 0.2828125 0.3923611111111111 0.179296875 0.5847222222222223
0 0.279296875 0.1284722222222222 0.047265625 0.05555555555555555
1 0.208203125 0.49583333333333335 0.041015625 0.04652777777777778
0 0.430859375 0.15138888888888888 0.034375 0.05486111111111111
1 0.391015625 0.47291666666666665 0.036328125 0.044444444444444446
2 0.43984375 0.37569444444444444 0.11796875 0.5486111111111112
1 0.555078125 0.45555555555555555 0.03203125 0.03333333333333333
2 0.601953125 0.37222222222222223 0.126171875 0.46805555555555556