2 0.7314828459182244 0.5863564227427415 0.09137040944452864 0.23246563232731635
2 0.9011049995090208 0.6229037215312943 0.1712715328828999 0.3018654891055506
2 0.3364609769683487 0.5353723286113946 0.040307358313060516 0.14372770616689493
0 0.7331314438890573 0.49340189853523636 0.02197044877033605 0.030298217764831117
0 0.8956723505049154 0.5143077066930298 0.030591469847574614 0.03907608902958625
1 0.7562308488941887 0.6299905288392876 0.02117556323171659 0.026091138558944255
1 0.9406740265872859 0.660361221428579 0.024305108411256528 0.027641677604713918
2 0.3777263264026146 0.4944586376345075 0.06440338846548563 0.10748049488271995
2 0.47504194837755254 0.5147677765451953 0.03792724687674198 0.13249535743812324
2 0.6051632525831807 0.5346909087697966 0.050549966724316955 0.170641958065646
0 0.6014294589652699 0.46784238567663916 0.011773292154477666 0.017272854754969084
1 0.6157964859944371 0.5616253669381577 0.011764201795397966 0.014495076977191306
0 0.47567093486296896 0.4682804113066377 0.010206246974937905 0.01580314078763981