2 0.544921875 0.48125 0.046484375 0.17291666666666666
2 0.271875 0.38125 0.02734375 0.09305555555555556
2 0.297265625 0.3951388888888889 0.02421875 0.09097222222222222
2 0.23203125 0.3784722222222222 0.0234375 0.09027777777777778
2 0.904296875 0.5826388888888889 0.13515625 0.2763888888888889
1 0.55546875 0.5152777777777777 0.012890625 0.01597222222222222
1 0.964453125 0.6326388888888889 0.02109375 0.02638888888888889
0 0.231640625 0.3388888888888889 0.005859375 0.010416666666666666
0 0.2359375 0.3402777777777778 0.00546875 0.009722222222222222
1 0.234375 0.39305555555555555 0.007421875 0.008333333333333333
0 0.27265625 0.34305555555555556 0.0078125 0.013888888888888888
1 0.275390625 0.39861111111111114 0.006640625 0.009722222222222222
0 0.29921875 0.35625 0.0078125 0.011805555555555555
2 0.340234375 0.38680555555555557 0.028515625 0.08958333333333333
2 0.308984375 0.36736111111111114 0.022265625 0.06944444444444445
0 0.9234375 0.4618055555555556 0.026953125 0.03333333333333333
0 0.54609375 0.40347222222222223 0.01171875 0.01597222222222222