2 0.878125 0.5798611111111112 0.0953125 0.26180555555555557
2 0.551953125 0.5076388888888889 0.058984375 0.1701388888888889
0 0.55703125 0.4284722222222222 0.012109375 0.014583333333333334
1 0.914453125 0.6243055555555556 0.019140625 0.025694444444444443
2 0.3484375 0.3819444444444444 0.019921875 0.06875
2 0.37109375 0.37430555555555556 0.016796875 0.059027777777777776
0 0.887109375 0.4673611111111111 0.019921875 0.029861111111111113
0 0.56953125 0.43333333333333335 0.012109375 0.019444444444444445
2 0.48125 0.4076388888888889 0.02421875 0.09722222222222222
0 0.348828125 0.35 0.00625 0.006944444444444444
1 0.35078125 0.39305555555555555 0.005078125 0.005555555555555556
2 0.3109375 0.39375 0.017578125 0.0798611111111111
2 0.332421875 0.375 0.01875 0.06180555555555556