2 0.2883245139640471 0.4738472923881755 0.04949201734563573 0.16161209090038792
2 0.45458985862906987 0.49709617815169416 0.04949201734563573 0.16161209090038792
2 0.22840462130013792 0.4371139967000594 0.03834543200986325 0.12955452198739706
0 0.2844958083028423 0.4022750728548974 0.01576136000159085 0.020994939716970862
2 0.32016967896643334 0.4429245453150417 0.033712476010499516 0.13783937340563912
1 0.28738417729552446 0.4981447676245491 0.012590906667727175 0.014018173995798912
1 0.22517053329886522 0.45374834208999854 0.011809656667727176 0.014010093676617114
0 0.46049950596754696 0.42979162927485626 0.01184601933481808 0.01956564923217267
0 0.3204969429702514 0.3929245453150416 0.011046588001272718 0.016779791135213093
0 0.22527080430459226 0.37874430193040765 0.011791475334181812 0.011232315898839336
2 0.8893140282861385 0.6272954005400381 0.16060278735677186 0.3085847492383667
0 0.8995071882956835 0.5023923643702207 0.03143181333545471 0.02810099054505315
1 0.9564967092815252 0.6884110148159377 0.01891363200190881 0.025193927660365035