2 0.547662984703203 0.45030468238577 0.051154514680135675 0.17897529139897916
2 0.2721175446968395 0.3811965628579333 0.02952441534054513 0.09593970839559031
2 0.297980610697794 0.39236294906366803 0.026390324673772447 0.0943891693498208
2 0.23227379469683954 0.38325760235816153 0.025599984006999678 0.09295986792171189
2 0.909509277709248 0.5107805496631121 0.14248858668840825 0.29199647928185124
1 0.5592092857057482 0.483052033900411 0.013390338001272716 0.01735367983340947
1 0.9707467697127479 0.553461704937273 0.02205681333545435 0.028909328875942226
0 0.2308428356938169 0.34373488783365846 0.006322725334181811 0.011434411424872417
0 0.23514880136058966 0.3449015077568365 0.005532384667409041 0.010005109996763413
1 0.2351036216979531 0.39769949180422437 0.007867044000636269 0.008737458725534945
0 0.27186755136058965 0.3430021184134889 0.007903406667727176 0.014293014281090501
1 0.27613742803149854 0.3983556112729436 0.0070948846674090404 0.010085935075203641
0 0.29889794702815775 0.35341344136594893 0.007894316000954582 0.012904125392201612
2 0.34087663536361223 0.37902914829544804 0.031068734006999676 0.09324275569625293
2 0.3091223770289532 0.3633047450227535 0.023901124005408825 0.07204570950993817
0 0.9251155490332484 0.38770966411726665 0.02757101666931803 0.036136661094927865
0 0.5467632823639305 0.3725471108776023 0.01182783800127254 0.017272854754969084