2 0.20859375 0.3902777777777778 0.181640625 0.6263888888888889
1 0.508203125 0.4305555555555556 0.038671875 0.04513888888888889
1 0.151953125 0.5138888888888888 0.0484375 0.05
0 0.21328125 0.12222222222222222 0.05078125 0.06319444444444444
0 0.3203125 0.13194444444444445 0.043359375 0.07361111111111111
0 0.54140625 0.15416666666666667 0.040234375 0.03819444444444445
0 0.701171875 0.15833333333333333 0.0390625 0.07222222222222222
2 0.53671875 0.3590277777777778 0.0921875 0.47430555555555554
2 0.327734375 0.3763888888888889 0.12890625 0.5493055555555556
2 0.696875 0.33958333333333335 0.117578125 0.42916666666666664
1 0.65390625 0.40347222222222223 0.031640625 0.03958333333333333
2 0.046875 0.49722222222222223 0.09375 0.5194444444444445