2 0.7546875 0.659529989889803 0.1015625 0.23648494227870584
2 0.67421875 0.6049496125459053 0.0734375 0.2092233001434061
0 0.677734375 0.5182531511461511 0.0171875 0.02275557142836217
2 0.55859375 0.5284449603106606 0.04921875 0.15708287373677446
2 0.33203125 0.49641444804790624 0.03671875 0.14558387229392528
1 0.684765625 0.6483324505688649 0.015625 0.0213181962480061
1 0.566015625 0.5536752701951301 0.01171875 0.014252536074893385
1 0.78671875 0.7008017366426599 0.02109375 0.02426567604591933
2 0.451171875 0.47997263888339675 0.03828125 0.11646569191872594
2 0.341796875 0.44046748736957664 0.05703125 0.09760308297188879
2 0.2921875 0.39517804761549086 0.015625 0.05187375180356166
0 0.45625 0.43707466377510984 0.01015625 0.018370716450092712
0 0.45 0.43340849638701856 0.00703125 0.011329299422713903
0 0.56171875 0.46395859956026175 0.01015625 0.014204049783426202