2 0.7710401782331744 0.6531826520027937 0.16341358108750156 0.28757247482446013
2 0.4340015139564651 0.494752212837462 0.052044289031219645 0.1498894498107529
2 0.2841378693426592 0.4453263386405244 0.04736587939029935 0.15242475235320968
2 0.3197188331892078 0.4367484425083751 0.04026190651766246 0.12983881727800603
2 0.24089894160046418 0.40627788715825 0.03397099990180417 0.11701551696424481
1 0.32159469013703107 0.4604605849675366 0.010978406615858294 0.013065775549082224
0 0.2816012096526409 0.3847682280865871 0.013340337334017516 0.0187425687222982
0 0.7862361796475096 0.5463116013590879 0.02276533430895533 0.034505296970717976
0 0.43615917203575644 0.4323532441855124 0.013335792154477843 0.01735367983340947
1 0.8259092249743432 0.719920624906704 0.020389768052176648 0.024661837130835175
1 0.2813171359314029 0.4715737836421427 0.010197156615858294 0.013025363009862189
1 0.23889127444598648 0.42284352247686613 0.007848861436318444 0.011515236503312723
0 0.23950461324343708 0.3548081731909207 0.009420451795398143 0.014373839359530885
0 0.31872422019126034 0.38252115703287815 0.011764201795398143 0.014495076977191306