2 0.6127486826725717 0.5208333333333334 0.07022211729005097 0.2111111111111111
2 0.2583884355994379 0.42083333333333334 0.03393918364502548 0.10555555555555556
2 0.34349241603473013 0.43680555555555556 0.030823274004105096 0.10833333333333334
2 0.2202049069595438 0.3909722222222222 0.026835210772388506 0.08333333333333333
1 0.6251123272863774 0.5625 0.013340337334017604 0.018055555555555554
1 0.3016932684449602 0.4375 0.007844316256778682 0.009722222222222222
0 0.25930831357540207 0.3784722222222222 0.006286361436318444 0.011111111111111112
0 0.6060015063938098 0.4340277777777778 0.014107951795398144 0.013888888888888888
0 0.34636996419023414 0.39305555555555555 0.009420451795398143 0.013888888888888888
0 0.2964267789344817 0.37569444444444444 0.008634656615858294 0.0125
0 0.21756598072987982 0.36180555555555555 0.0062818162567786825 0.009722222222222222
1 0.2220989446255263 0.40902777777777777 0.006272725897699072 0.006944444444444444
1 0.2571597458551903 0.43819444444444444 0.007844316256778682 0.009722222222222222
2 0.2974532081892078 0.4201388888888889 0.026903388465485633 0.10416666666666667