2 0.3109375 0.42430555555555555 0.0328125 0.10972222222222222
2 0.3875 0.4486111111111111 0.0375 0.12569444444444444
2 0.271484375 0.4326388888888889 0.03515625 0.12083333333333333
0 0.26640625 0.38125 0.008984375 0.015277777777777777
2 0.24296875 0.40069444444444446 0.026953125 0.09513888888888888
1 0.31328125 0.44513888888888886 0.007421875 0.009027777777777777
1 0.271875 0.45208333333333334 0.008203125 0.010416666666666666
1 0.247265625 0.41805555555555557 0.009375 0.006944444444444444
0 0.240625 0.3625 0.00703125 0.009722222222222222
0 0.2734375 0.3819444444444444 0.00625 0.011111111111111112
0 0.3890625 0.3993055555555556 0.01171875 0.01597222222222222
2 0.666015625 0.5458333333333333 0.081640625 0.23472222222222222
0 0.669140625 0.4409722222222222 0.01796875 0.019444444444444445
1 0.69921875 0.5902777777777778 0.014453125 0.020833333333333332
0 0.308203125 0.3770833333333333 0.009375 0.016666666666666666