2 0.341015625 0.3527777777777778 0.160546875 0.5875
1 0.282421875 0.45416666666666666 0.0421875 0.05347222222222222
2 0.11953125 0.3819444444444444 0.19140625 0.6805555555555556
1 0.04609375 0.49375 0.0453125 0.06180555555555556
0 0.14140625 0.07361111111111111 0.051953125 0.06319444444444444
0 0.3359375 0.09861111111111111 0.049609375 0.07291666666666667
0 0.762890625 0.1388888888888889 0.024609375 0.05
2 0.522265625 0.33402777777777776 0.12421875 0.4930555555555556
1 0.46796875 0.40902777777777777 0.015625 0.04027777777777778
0 0.505078125 0.11736111111111111 0.024609375 0.05416666666666667
2 0.742578125 0.3145833333333333 0.0703125 0.40694444444444444