2 0.7227398746220702 0.5990576801753454 0.08110564401654478 0.21831510757478692
2 0.8895728386179339 0.65668284051199 0.15957608935390794 0.2727090038899377
2 0.3311523586290699 0.4992780984510671 0.03448463534372674 0.13680604208218136
0 0.7295944039624562 0.5068258585472242 0.020476132001908988 0.025420190819716974
0 0.8906770809595927 0.5476631433268991 0.029905676002545435 0.03394745837753498
1 0.7447055076185704 0.64535160729183 0.020457950668363624 0.022642413041939195
1 0.9271952889481387 0.6984388802248381 0.023582950668363623 0.02270705778343414
2 0.37475263629854705 0.46336948868375333 0.06000225600731781 0.09706158342173662
2 0.4706463916295471 0.4959128700402775 0.03206816000954511 0.12564644741494913
2 0.5997250906270019 0.531920879552963 0.04324201734563573 0.16198381512129237
0 0.5997708176320925 0.4652461322936094 0.011028406667727354 0.014115145484121032
1 0.6085276522915473 0.5598845109625387 0.011019316000954404 0.012726256595232143
0 0.474071383633047 0.45014418144843915 0.009465906667727175 0.01408282311337372