2 0.7875013022021178 0.6215987052573928 0.08513859016268785 0.23595159307256605
2 0.6392521667125963 0.5551990735853133 0.04744769262201594 0.17645458874401815
2 0.4132050237095175 0.4669428044682926 0.05420623184962743 0.09333944372228745
1 0.8161919166144005 0.6759558022988926 0.018822722872636886 0.02280405771982935
2 0.32970217730031365 0.49212656565257135 0.03162270472226432 0.11485861471823426
0 0.7871604137366321 0.5174320385907261 0.018036927693097126 0.02139092568520703
2 0.48638143632640213 0.5087928719277208 0.03946247579950324 0.12343437950890399
1 0.6526084121750031 0.5785278737294517 0.012549996974937905 0.015665668109515866
0 0.4893359920936593 0.45680651117732207 0.009434087334017604 0.01834647330435928
0 0.4826840041448097 0.45312822221636395 0.007853406615858205 0.012742431457336383
0 0.6393859890685971 0.47673897293595785 0.011773292154477666 0.01703031385267116
2 0.3064462240414825 0.4275225039645403 0.011891466822512697 0.05314142496378243