2 0.34165043131409495 0.38332909775926316 0.19350492524374446 0.61125269480296
1 0.28912665647237945 0.4899775324641088 0.04548599623907634 0.059715192640150544
2 0.12303982947320424 0.43276677380811157 0.2294711689755383 0.709541615437462
1 0.05587689311129087 0.5514545887440181 0.04874738855894436 0.0681454985564184
0 0.1273455815847753 0.12333546933469296 0.05582410266556703 0.07114146464579893
0 0.322669447611431 0.13009070021254626 0.053639477038746365 0.08079095743082026
0 0.7497972431049732 0.13015725648440046 0.02742631802583091 0.05360204473272137
2 0.5210579607414104 0.3479449206286439 0.15126594945863925 0.5113809401136997
1 0.4712159108601238 0.4276069945830907 0.01786946159934022 0.04220001587280661
0 0.4921552335048083 0.13257368505896744 0.027494514185764984 0.05776871139938804
2 0.7394256959288248 0.30752290078470645 0.09273438394009084 0.4179445238084777