2 0.4205856408299602 0.5423791810914981 0.1093495008107789 0.23943242207661924
2 0.24639416436891057 0.5341951818151196 0.08422676988550233 0.22615664141314273
2 0.525731949677336 0.5386954397482275 0.07862165219075071 0.21209805050411856
2 0.11540612723376106 0.4238480901861351 0.031409687093786734 0.09677881601694512
2 0.2931785482973643 0.5050820934307153 0.051731869723346514 0.17794045021584154
0 0.42073169115427184 0.44791049350131995 0.021393758928453722 0.031210120490363775
0 0.5273177690763712 0.45677523844951673 0.019803985389503252 0.028383856421118656
1 0.26679728044045686 0.5653931807326165 0.01739205154212762 0.021366682539473283
0 0.24574532792374698 0.44109113996809673 0.016692622158978578 0.029675772727073023
1 0.29605808644681125 0.5301790660136498 0.014253414772652384 0.01988082106764987
1 0.45696347159308104 0.5782408311632011 0.015048301542127617 0.02129395310227235
1 0.11876492938479662 0.4399294065641587 0.007907957386326192 0.009964653679558606
0 0.110332843548541 0.3834006103882219 0.007126707386326192 0.009940410533825014
0 0.4367336793847967 0.4497963668777484 0.018968188311602675 0.02280405771982935