2 0.60390625 0.5645833333333333 0.067578125 0.18958333333333333
2 0.286328125 0.43333333333333335 0.036328125 0.09791666666666667
2 0.485546875 0.46944444444444444 0.038671875 0.13125
2 0.34453125 0.5236111111111111 0.044140625 0.17430555555555555
1 0.623046875 0.5895833333333333 0.015234375 0.017361111111111112
2 0.396484375 0.4465277777777778 0.026953125 0.10138888888888889
1 0.4953125 0.49583333333333335 0.008984375 0.0125
0 0.48828125 0.41875 0.009375 0.011805555555555555
0 0.39921875 0.4076388888888889 0.007421875 0.010416666666666666
0 0.405859375 0.4097222222222222 0.00703125 0.011805555555555555
1 0.296484375 0.45 0.00703125 0.008333333333333333