2 0.325390625 0.5459401026163015 0.103125 0.24551104657645292
2 0.508984375 0.5620967831641147 0.1234375 0.2596100237640708
0 0.515234375 0.4571710294995485 0.01640625 0.03350302003615298
1 0.3578125 0.5907436582591423 0.01484375 0.019597970508900175
0 0.325390625 0.4438567692829682 0.02109375 0.02938483528457741
1 0.55859375 0.6088059051182874 0.01796875 0.02240806956340546
0 0.536328125 0.4590361942149711 0.0171875 0.019622211466445882
2 0.10234375 0.4142192559649512 0.03046875 0.10864846578142676
0 0.1 0.367715719144719 0.00859375 0.01258888351100072
1 0.105859375 0.4294606723064105 0.00859375 0.009811105733222941
2 0.289453125 0.49908957507644597 0.0515625 0.17553330106600432
0 0.298828125 0.4274648334684855 0.01484375 0.02376463717556684