2 0.5464967797105438 0.48125 0.04743860226293641 0.17222222222222222
2 0.2731226517836775 0.38125 0.02764827702916719 0.09305555555555556
2 0.2985587285790756 0.3951388888888889 0.02451873184962743 0.09166666666666666
2 0.2332698114245979 0.3784722222222222 0.02373293667008758 0.09027777777777778
2 0.9062035778169498 0.5826388888888889 0.13606074072842206 0.2763888888888889
1 0.5571550116092692 0.5152777777777777 0.012554542154477844 0.016666666666666666
1 0.966523454280383 0.6326388888888889 0.021180108411256525 0.02638888888888889
0 0.23274964880771334 0.3388888888888889 0.006286361436318444 0.011111111111111112
0 0.2370510689872532 0.3402777777777778 0.005500566256778683 0.009722222222222222
1 0.2356612858097659 0.39305555555555555 0.007839771077238922 0.008333333333333333
0 0.2737789093463328 0.34305555555555556 0.007857951795398143 0.013888888888888888
1 0.27669509152792515 0.39861111111111114 0.0062818162567786825 0.009722222222222222
0 0.300384588551961 0.35625 0.007848861436318444 0.011111111111111112
2 0.3415002075018368 0.38680555555555557 0.02841589149054773 0.08888888888888889
2 0.3101865749882794 0.36736111111111114 0.022102258976990363 0.06944444444444445
0 0.9249487721969863 0.4618055555555556 0.026671584308955686 0.03333333333333333
0 0.5474141246563144 0.40347222222222223 0.011773292154477843 0.016666666666666666