2 0.8459872070204337 0.5960293222453136 0.12522081838861113 0.2568160853479292
2 0.6632662792087671 0.5312615305863893 0.050801393426736216 0.18105653534483238
2 0.4308544759221352 0.44339976824399435 0.048075130508958355 0.09215148581757956
1 0.6687074269101907 0.5631453726369696 0.012681837955902785 0.014018173995798912
1 0.8845856936276906 0.6608990439044063 0.02222049211621524 0.026615137825981586
2 0.4858140796456074 0.4817149544709696 0.03951840131052098 0.15455452198739705
0 0.4879220935133158 0.4400321271659392 0.010374455547083272 0.01677171081603114
0 0.4813360199000867 0.43593414321231855 0.0087392203647223 0.01119999462211183
0 0.663530597455208 0.4514084997944601 0.012718205547083273 0.01679595177357669
0 0.8512481497919095 0.49251669842718204 0.01909549211621524 0.026582816549254082
2 0.31343967847725673 0.46197292723238786 0.024855836056041712 0.10857574290878978