2 0.6745964226851611 0.4242802906920071 0.09053131696340308 0.2328195891585804
2 0.28403674228771464 0.33523257691503133 0.02892956939903506 0.0831082073622223
0 0.6741279312082253 0.3367964540658652 0.017487508928453722 0.031266744005308704
2 0.5008043666788066 0.3809926415879329 0.05692788433384308 0.15090631019895065
2 0.25347935328612603 0.32494405597632753 0.028888659090609538 0.07894154069555555
1 0.6972643323846786 0.4661738252241368 0.015843188311602675 0.02286875717654324
1 0.5104248285293597 0.4063805625605254 0.01027898092527657 0.01292024772030863
0 0.28412735835926084 0.3046931847333338 0.006359094155801337 0.011369725092839487
0 0.49432451866768634 0.317555746535618 0.01108750446422686 0.01573035224580255
2 0.38480435551823944 0.3380138384815129 0.028202866476935727 0.08863143617006178
2 0.352225657669275 0.3207000562290746 0.034330135551659244 0.07639005015179015