2 0.105859375 0.43341298982455706 0.2046875 0.6578103074979045
1 0.03125 0.5206057206534158 0.0515625 0.06377833869964178
0 0.29140625 0.12728723398199107 0.053125 0.08608138600030427
2 0.295703125 0.3902594094607246 0.1421875 0.6184661932491805
2 0.55234375 0.3450394458824573 0.1046875 0.4929152802555016
1 0.51640625 0.4441206449088069 0.03125 0.04606094601325089
0 0.550390625 0.12361269945272989 0.03515625 0.05737411982046281
2 0.406640625 0.36785416222479506 0.1109375 0.5418496916803739
1 0.25625 0.47285579824689833 0.04375 0.05504087997410683
1 0.375390625 0.4847484415713793 0.01875 0.053747678719061616
2 0.091796875 0.14177930441940886 0.04921875 0.06643487885975902