2 0.21132360557487867 0.42800981519562353 0.20841909735829897 0.6534011655959167
1 0.5118778847351912 0.4560484365257755 0.04048018284565984 0.05067215061133936
1 0.15988969856477456 0.5544284291953193 0.050709168028020904 0.056753069176757105
0 0.2046891330259549 0.15979260948318733 0.0532347559839236 0.07076319568330634
0 0.3117203830259549 0.1653291273563494 0.04633079255305557 0.08012170505254713
0 0.5332229418215453 0.17817497111415392 0.04195176386770836 0.04380853124533522
0 0.6928521883546181 0.17602266871801017 0.042406358757465415 0.07853075346755745
2 0.5370769266711113 0.38309670103409527 0.1125597770698267 0.4874405497783864
2 0.32935567225425366 0.4091323148874779 0.15187750341847242 0.5685874308668409
2 0.6960064236791494 0.3573130812572303 0.135433579406528 0.4455973703994357
1 0.6558818046630731 0.4232469785037275 0.03337619766329869 0.04475288220280239
2 0.05783656268902802 0.5415157039381994 0.1084723423243058 0.5330314078763987