2 0.7849512930174156 0.5603057705532795 0.16762565097293472 0.28844863708313034
2 0.43880497300947263 0.5044392896772567 0.054584134333843085 0.15025964502099845
2 0.2868586663942102 0.5004184422765091 0.04992390787279355 0.15289196392437437
2 0.32102911485208263 0.48065180735545565 0.041893219561190874 0.1304273102448156
2 0.24051945454365714 0.47398809667822456 0.0355204886359143 0.11773336507894656
1 0.32476974654842294 0.5036775681779238 0.011073867694751716 0.014228292929159794
0 0.27806916030677786 0.4404416670240837 0.01345852800317715 0.018467689033027392
0 0.7889452948441396 0.45004668433388134 0.02376478246740401 0.03406062770534232
0 0.43427824999835235 0.44112362950414413 0.013444891233702095 0.0170788001441385
1 0.845578011564309 0.6100891594414359 0.02055796185055314 0.02563032178907447
1 0.2867271400142384 0.5267952095925311 0.010292617694751626 0.014204049783426044
1 0.24029928916209675 0.4913370862164689 0.007921594155801338 0.011353542568447495
0 0.23416915584255102 0.4238062730852224 0.009511367694751627 0.014179806637692612
0 0.31465154261202616 0.4276922059846757 0.011855117694751716 0.014252536074893542