2 0.291015625 0.47708333333333336 0.046875 0.1597222222222222
2 0.4578125 0.49375 0.047265625 0.15902777777777777
2 0.23046875 0.44305555555555554 0.036328125 0.12777777777777777
0 0.286328125 0.40625 0.015625 0.02013888888888889
2 0.32265625 0.44513888888888886 0.031640625 0.1361111111111111
1 0.290625 0.5013888888888889 0.012109375 0.013888888888888888
1 0.227734375 0.4597222222222222 0.011328125 0.013194444444444444
0 0.4625 0.4263888888888889 0.011328125 0.019444444444444445
0 0.321875 0.3951388888888889 0.010546875 0.01597222222222222
0 0.2265625 0.38472222222222224 0.01171875 0.010416666666666666
2 0.89453125 0.6055555555555555 0.155859375 0.30277777777777776
0 0.902734375 0.48055555555555557 0.030859375 0.02638888888888889
1 0.9625 0.6638888888888889 0.018359375 0.024305555555555556