2 0.3728806133632941 0.3808698600333678 0.026381234006999675 0.09246669047587659
2 0.3439016380291123 0.37065574531440126 0.022347714672181596 0.07290103030276403
2 0.2942286283617032 0.3624729628462649 0.020667036004136108 0.05479698845574114
0 0.3710635746936578 0.34202945743594626 0.006304544000636269 0.008527278499202456
0 0.29643601836011235 0.34156690007573065 0.0055232940006362695 0.008503035353468786
1 0.3467178290300668 0.3830708943043335 0.0055142033338635875 0.007114146464579897
1 0.3749473716979531 0.3981703632801449 0.006295453333863677 0.007138389610313488
2 0.3949962423615442 0.35726226371329256 0.02153010200509069 0.06732123160147488
1 0.40132805836249863 0.3695683185474235 0.0055051126670909055 0.005725257575691008
2 0.7267874107057481 0.4893564026062091 0.1023630260184536 0.24479403246630574
0 0.7273002123647258 0.3886255934431641 0.019685791335136215 0.02421718975445199
0 0.7483894170313394 0.3872765840639115 0.01737840400222712 0.029700015872806615
2 0.449820102363135 0.37639857684527145 0.030260212006681542 0.08842123953787803
2 0.28680675336170325 0.3627032727307344 0.012863626670908878 0.05594344588729364