2 0.601953125 0.5743055555555555 0.0734375 0.19583333333333333
2 0.288671875 0.41388888888888886 0.0390625 0.10138888888888889
2 0.486328125 0.46805555555555556 0.0421875 0.13472222222222222
2 0.344140625 0.5090277777777777 0.04921875 0.17777777777777778
1 0.6203125 0.6006944444444444 0.015625 0.019444444444444445
2 0.398046875 0.43680555555555556 0.0296875 0.10416666666666667
1 0.4953125 0.4951388888888889 0.009375 0.013888888888888888
0 0.490625 0.41805555555555557 0.009375 0.0125
0 0.401953125 0.39861111111111114 0.0078125 0.011111111111111112
0 0.40859375 0.4013888888888889 0.00703125 0.0125
1 0.298046875 0.43125 0.00703125 0.008333333333333333