2 0.85390625 0.6048611111111111 0.121484375 0.2548611111111111
2 0.6703125 0.5381944444444444 0.048828125 0.18125
2 0.43671875 0.4479166666666667 0.047265625 0.09097222222222222
1 0.676171875 0.5701388888888889 0.0125 0.013888888888888888
1 0.893359375 0.6701388888888888 0.021875 0.02638888888888889
2 0.4921875 0.48680555555555555 0.037890625 0.15416666666666667
0 0.49375 0.44513888888888886 0.01015625 0.016666666666666666
0 0.487109375 0.4409722222222222 0.00859375 0.011111111111111112
0 0.66953125 0.4583333333333333 0.0125 0.016666666666666666
0 0.8578125 0.5013888888888889 0.019140625 0.02638888888888889
2 0.31953125 0.4652777777777778 0.0234375 0.10833333333333334