2 0.31115008167667674 0.4221972582934542 0.0355198643631847 0.11220205266912475
2 0.3872265079063408 0.45372763166915037 0.04026190651766246 0.1290141782101933
2 0.27167650336874766 0.4272229794339056 0.037904520979043 0.12477478210632569
0 0.26755007260149044 0.3750063087990373 0.009424996974937904 0.015568695526581501
2 0.24366286026747294 0.392322448409717 0.02922441256778665 0.09811921861436666
1 0.3130350289835796 0.44309119949112163 0.007844316256778682 0.009964653679558606
1 0.27161287085519026 0.44666742387835 0.008630111436318444 0.011377785714181085
1 0.24790292052322532 0.40981689682236305 0.009397725897698984 0.00723536219324801
0 0.2422253527048177 0.35407951767380524 0.007063066256778683 0.009940410533824856
0 0.27457677742195064 0.376613385999529 0.006286361436318444 0.011305056276980155
0 0.389731611780004 0.40449480555079576 0.011773292154477666 0.01703031385267132
2 0.6630234055943065 0.5768809170193238 0.08672381606038684 0.24294452380847784
0 0.6688353166495621 0.47218950792834813 0.018036927693097126 0.02139092568520703
1 0.6952930170797229 0.6244147853450475 0.014916472872636888 0.02268284199116124
0 0.30935149278103025 0.37491442820689797 0.009429542154477666 0.01695758441547039